# lam, correction, multiply corrected flux by this value
4002.16666708 0.823174904975
4006.85969353 0.823358515217
4011.55271997 0.768171666714
4016.24574642 0.754888874406
4020.93877287 0.789599902578
4025.63179932 0.820438800127
4030.32482576 0.81367708474
4035.01785221 0.889375928445
4039.71087866 0.913662286582
4044.40390511 0.861019203726
4049.09693155 0.908678072569
4053.789958 0.934654107089
4058.48298445 0.952549764315
4063.1760109 0.93332771855
4067.86903734 0.91035656704
4072.56206379 0.893649814758
4077.25509024 0.889316882744
4081.94811668 0.813338860944
4086.64114313 0.8045697461
4091.33416958 0.763801154454
4096.02719603 0.74905047562
4100.72022247 0.724269028424
4105.41324892 0.743189808911
4110.10627537 0.802420555277
4114.79930182 0.81541299263
4119.49232826 0.831196711879
4124.18535471 0.833496491542
4128.87838116 0.818675077947
4133.57140761 0.816923915515
4138.26443405 0.838244178866
4142.9574605 0.850143465724
4147.65048695 0.837831762997
4152.34351339 0.836240161066
4157.03653984 0.816759219579
4161.72956629 0.817838377973
4166.42259274 0.858681427496
4171.11561918 0.865492847283
4175.80864563 0.878744182056
4180.50167208 0.882682431024
4185.19469853 0.886439787771
4189.88772497 0.890383845583
4194.58075142 0.915704012086
4199.27377787 0.919079211025
4203.96680432 0.882036677736
4208.65983076 0.929213323126
4213.35285721 0.927206763617
4218.04588366 0.915573722886
4222.7389101 0.922188632018
4227.43193655 0.927540790929
4232.124963 0.941209489345
4236.81798945 0.913341955015
4241.51101589 0.916569914137
4246.20404234 0.947735398817
4250.89706879 0.944281102446
4255.59009524 0.923967828551
4260.28312168 0.937335636374
4264.97614813 0.9311469575
4269.66917458 0.933391879815
4274.36220103 0.940872118707
4279.05522747 0.951072745532
4283.74825392 0.947481449165
4288.44128037 0.957277558486
4293.13430681 0.971358745974
4297.82733326 0.953042167741
4302.52035971 0.939089697068
4307.21338616 0.9739205585
4311.9064126 0.995598188997
4316.59943905 1.05417266963
4321.2924655 1.1715352076
4325.98549195 1.14806521772
4330.67851839 0.939785327856
4335.37154484 0.903180157301
4340.06457129 0.849803889226
4344.75759774 0.857839912969
4349.45062418 0.927360174091
4354.14365063 0.921038833897
4358.83667708 0.983493292159
4363.52970352 1.00876534502
4368.22272997 1.01573512762
4372.91575642 1.02881235355
4377.60878287 0.996773003338
4382.30180931 0.983233593186
4386.99483576 0.972239545106
4391.68786221 0.984229367821
4396.38088866 0.992006765861
4401.0739151 1.0069306481
4405.76694155 1.0182385392
4410.459968 1.01166280822
4415.15299445 0.999435362048
4419.84602089 1.00022654569
4424.53904734 0.990558069073
4429.23207379 0.998331521187
4433.92510023 0.98384613427
4438.61812668 0.985950268136
4443.31115313 0.989731363414
4448.00417958 0.994118004799
4452.69720602 1.01758208064
4457.39023247 0.991845439599
4462.08325892 1.01466026731
4466.77628537 1.00815387174
4471.46931181 0.992537785951
4476.16233826 0.972431139568
4480.85536471 0.950727595183
4485.54839116 0.954367148815
4490.2414176 0.975432009642
4494.93444405 0.970921358853
4499.6274705 0.965966174233
4504.32049694 0.95777481582
4509.01352339 0.954563284835
4513.70654984 0.973017521842
4518.39957629 0.978840716135
4523.09260273 0.994194782138
4527.78562918 1.00122461362
4532.47865563 0.971294889318
4537.17168208 0.967903458707
4541.86470852 0.975062642913
4546.55773497 0.972948724265
4551.25076142 0.97318606548
4555.94378787 0.982217328283
4560.63681431 0.966653559468
4565.32984076 0.958399306367
4570.02286721 0.962819755607
4574.71589365 0.967025978864
4579.4089201 0.958536075611
4584.10194655 0.959517632917
4588.794973 0.947583178934
4593.48799944 0.939268610167
4598.18102589 0.947126349079
4602.87405234 0.940671829948
4607.56707879 0.938161082107
4612.26010523 0.939141012367
4616.95313168 0.93538105657
4621.64615813 0.931970391482
4626.33918458 0.925064515712
4631.03221102 0.930700355844
4635.72523747 0.915656859884
4640.41826392 0.927779720645
4645.11129036 0.927424145107
4649.80431681 0.942760537792
4654.49734326 0.939296561371
4659.19036971 0.923988756291
4663.88339615 0.918905713331
4668.5764226 0.918256106974
4673.26944905 0.907378755693
4677.9624755 0.928790053844
4682.65550194 0.922145435262
4687.34852839 0.908621734455
4692.04155484 0.91449846354
4696.73458129 0.917318139718
4701.42760773 0.931744621123
4706.12063418 0.922701258651
4710.81366063 0.928033917079
4715.50668707 0.925681194271
4720.19971352 0.948276961487
4724.89273997 0.957602296843
4729.58576642 0.933346679427
4734.27879286 0.935975479053
4738.97181931 0.934172011524
4743.66484576 0.927247458954
4748.35787221 0.933859966521
4753.05089865 0.9237439307
4757.7439251 0.941296735755
4762.43695155 0.943975439204
4767.129978 0.944566050817
4771.82300444 0.965866677457
4776.51603089 0.962770347471
4781.20905734 0.937306677493
4785.90208378 0.953189246195
4790.59511023 0.958843852762
4795.28813668 0.943981303271
4799.98116313 0.975248684812
4804.67418957 0.970709881527
4809.36721602 0.951411544643
4814.06024247 0.961027218473
4818.75326892 0.937930455058
4823.44629536 0.95069919135
4828.13932181 0.961719356082
4832.83234826 0.956643729862
4837.52537471 0.96282798242
4842.21840115 0.960885213382
4846.9114276 0.954622466496
4851.60445405 0.957777999629
4856.29748049 0.950951518045
4860.99050694 0.958994800162
4865.68353339 0.858115316186
4870.37655984 0.898471312515
4875.06958628 1.12834613589
4879.76261273 1.14561326877
4884.45563918 1.04225196116
4889.14866563 0.998940108973
4893.84169207 0.987191509807
4898.53471852 0.990631571638
4903.22774497 0.994253182469
4907.92077142 0.97903733355
4912.61379786 0.978779469808
4917.30682431 1.01291712139
4921.99985076 1.01682720127
4926.6928772 0.949861993194
4931.38590365 0.935272097713
4936.0789301 0.99087438686
4940.77195655 1.03051204884
4945.46498299 1.00511173193
4950.15800944 0.994586020766
4954.85103589 0.991961801888
4959.54406234 0.998626649733
4964.23708878 0.972495911548
4968.93011523 0.968841314626
4973.62314168 0.985700913912
4978.31616813 0.996618656787
4983.00919457 0.984421263166
4987.70222102 0.985988727603
4992.39524747 0.981261045419
4997.08827391 0.991210358745
5001.78130036 1.0
5006.47432681 0.994912900908
5011.16735326 0.983687092929
5015.8603797 0.984842851591
5020.55340615 0.980701693129
5025.2464326 0.996378586971
5029.93945905 1.00339295247
5034.63248549 1.01385103663
5039.32551194 0.996048284346
5044.01853839 0.976780216004
5048.71156484 0.978973954603
5053.40459128 0.993093242713
5058.09761773 0.979463953847
5062.79064418 0.985414147822
5067.48367062 0.992023121255
5072.17669707 1.00724006361
5076.86972352 0.978226492111
5081.56274997 0.974830244607
5086.25577641 0.974584595811
5090.94880286 0.979557786657
5095.64182931 0.988591929375
5100.33485576 0.985792035066
5105.0278822 0.975030261695
5109.72090865 0.973179375027
5114.4139351 0.965827297773
5119.10696155 0.970024342879
5123.79998799 0.972697234976
5128.49301444 0.983935853347
5133.18604089 0.958909201633
5137.87906733 0.979870374622
5142.57209378 0.984642332602
5147.26512023 0.967893931478
5151.95814668 0.980832677081
5156.65117312 0.966286212614
5161.34419957 0.95042427483
5166.03722602 0.984585114381
5170.73025247 0.992767019827
5175.42327891 0.970681071911
5180.11630536 0.971435961591
5184.80933181 0.948890877931
5189.50235826 0.941074832338
5194.1953847 0.961943175733
5198.88841115 0.964324041
5203.5814376 0.971217396607
5208.27446404 0.963636668223
5212.96749049 0.932179178664
5217.66051694 0.935112564415
5222.35354339 0.924192573061
5227.04656983 0.929362523185
5231.73959628 0.931211953011
5236.43262273 0.938756470775
5241.12564918 0.948153678004
5245.81867562 0.941695653228
5250.51170207 0.937708018144
5255.20472852 0.943412179062
5259.89775497 0.941091048243
5264.59078141 0.937803844801
5269.28380786 0.929650878853
5273.97683431 0.935197075081
5278.66986075 0.936572886709
5283.3628872 0.929971481467
5288.05591365 0.93792936836
5292.7489401 0.935945470493
5297.44196654 0.909085931142
5302.13499299 0.902605374288
5306.82801944 0.915261468482
5311.52104589 0.924546047005
5316.21407233 0.944491675876
5320.90709878 0.947010209877
5325.60012523 0.932359623861
5330.29315168 0.931474365551
5334.98617812 0.905509195317
5339.67920457 0.900237106984
5344.37223102 0.909538542534
5349.06525746 0.899451241133
5353.75828391 0.905916232503
5358.45131036 0.916614979185
5363.14433681 0.910512128754
5367.83736325 0.91644066915
5372.5303897 0.922731284605
5377.22341615 0.901823240172
5381.9164426 0.899850684544
5386.60946904 0.892923919971
5391.30249549 0.904613790504
5395.99552194 0.907580277165
5400.68854839 0.909128697381
5405.38157483 0.907641347298
5410.07460128 0.908894791347
5414.76762773 0.913564412547
5419.46065417 0.911092647134
5424.15368062 0.897893737639
5428.84670707 0.910352135839
5433.53973352 0.897005139783
5438.23275996 0.895250933572
5442.92578641 0.912482378666
5447.61881286 0.914418169364
5452.31183931 0.896079148586
5457.00486575 0.89874636454
5461.6978922 0.903511313911
5466.39091865 0.89979135168
5471.0839451 0.886465686755
5475.77697154 0.900980570973
5480.46999799 0.905886190054
5485.16302444 0.898414233751
5489.85605088 0.89248083306
5494.54907733 0.898791430379
5499.24210378 0.897698608031
5503.93513023 0.903236236037
5508.62815667 0.896009988536
5513.32118312 0.906714759892
5518.01420957 0.906683179972
5522.70723602 0.901872947494
5527.40026246 0.890186878383
5532.09328891 0.892710849648
5536.78631536 0.897396378709
5541.47934181 0.895234507072
5546.17236825 0.893010038958
5550.8653947 0.901563614252
5555.55842115 0.889799022141
5560.25144759 0.891254639926
5564.94447404 0.899670330271
5569.63750049 0.902758176774
5574.33052694 0.899821927742
5579.02355338 0.910853373339
5583.71657983 0.913805334984
5588.40960628 0.91850055572
5593.10263273 0.89886753063
5597.79565917 0.911413756773
5602.48868562 0.896352969472
5607.18171207 0.896073313714
5611.87473852 0.906868531734
5616.56776496 0.903988351462
5621.26079141 0.908664259568
5625.95381786 0.908899357283
5630.6468443 0.901005864249
5635.33987075 0.906336202404
5640.0328972 0.914339422028
5644.72592365 0.891576887432
5649.41895009 0.894920701747
5654.11197654 0.892686328796
5658.80500299 0.889928563208
5663.49802944 0.90319514647
5668.19105588 0.925163584394
5672.88408233 0.913563610339
5677.57710878 0.911813598981
5682.27013523 0.906762606563
5686.96316167 0.904876167086
5691.65618812 0.897091286638
5696.34921457 0.907577583138
5701.04224101 0.921452432931
5705.73526746 0.924105476447
5710.42829391 0.930862300845
5715.12132036 0.928497728044
5719.8143468 0.918402503007
5724.50737325 0.916087872207
5729.2003997 0.922084095019
5733.89342615 0.920470618433
5738.58645259 0.907869943435
5743.27947904 0.906291706708
5747.97250549 0.919143461434
5752.66553194 0.9114063365
5757.35855838 0.910376988427
5762.05158483 0.922004644834
5766.74461128 0.919960935673
5771.43763772 0.922385690569
5776.13066417 0.901178844812
5780.82369062 0.90531756287
5785.51671707 0.915070750148
5790.20974351 0.914155796288
5794.90276996 0.907354160219
5799.59579641 0.917263841032
5804.28882286 0.924255334922
5808.9818493 0.920010336664
5813.67487575 0.907278916862
5818.3679022 0.904919956166
5823.06092865 0.901989965127
5827.75395509 0.907042779033
5832.44698154 0.912102597554
5837.14000799 0.904234978
5841.83303443 0.903505956425
5846.52606088 0.899125473344
5851.21908733 0.899661526712
5855.91211378 0.873966649643
5860.60514022 0.873207029959
5865.29816667 0.876930781638
5869.99119312 0.875626090731
5874.68421957 0.87185647849
5879.37724601 0.874980179642
5884.07027246 0.872836185005
5888.76329891 0.874100080497
5893.45632536 0.896932773995
5898.1493518 0.908429333757
5902.84237825 0.941564211658
5907.5354047 0.934862482692
5912.22843114 0.90785570412
5916.92145759 0.916094593981
5921.61448404 0.916169606391
5926.30751049 0.906835168296
5931.00053693 0.892543311764
5935.69356338 0.885586566435
5940.38658983 0.882441177752
5945.07961628 0.885273523365
5949.77264272 0.89379902785
5954.46566917 0.891482083581
5959.15869562 0.87998981494
5963.85172207 0.888622444365
5968.54474851 0.891675997478
5973.23777496 0.899163370906
5977.93080141 0.886829317549
5982.62382785 0.88439872124
5987.3168543 0.860856042128
5992.00988075 0.869650974813
5996.7029072 0.862882028772
6001.39593364 0.871313810093
6006.08896009 0.892218530106
6010.78198654 0.89930219595
6015.47501299 0.885024163558
6020.16803943 0.894096931972
6024.86106588 0.87109087569
6029.55409233 0.869106892026
6034.24711878 0.869105343838
6038.94014522 0.879824896595
6043.63317167 0.880425943071
6048.32619812 0.883742610988
6053.01922456 0.888460305771
6057.71225101 0.888569690401
6062.40527746 0.878143539166
6067.09830391 0.88975035613
6071.79133035 0.887369216899
6076.4843568 0.86490295976
6081.17738325 0.874449649711
6085.8704097 0.868782289405
6090.56343614 0.865006411898
6095.25646259 0.867480348068
6099.94948904 0.876561979186
6104.64251549 0.878240007009
6109.33554193 0.881798676577
6114.02856838 0.89384063852
6118.72159483 0.888528631703
6123.41462127 0.892759088474
6128.10764772 0.893348292272
6132.80067417 0.888329736391
6137.49370062 0.88045943709
6142.18672706 0.872050526163
6146.87975351 0.88123692837
6151.57277996 0.890258856874
6156.26580641 0.888423712452
6160.95883285 0.881989997004
6165.6518593 0.897853355165
6170.34488575 0.892510668025
6175.0379122 0.875655976484
6179.73093864 0.866776849053
6184.42396509 0.874939806126
6189.11699154 0.880411071613
6193.81001798 0.881134307562
6198.50304443 0.881227595837
6203.19607088 0.896628031189
6207.88909733 0.888475573894
6212.58212377 0.885891608087
6217.27515022 0.896955312571
6221.96817667 0.89587101135
6226.66120312 0.899086021089
6231.35422956 0.903865701628
6236.04725601 0.881466571025
6240.74028246 0.885798734955
6245.43330891 0.882283939391
6250.12633535 0.886589286925
6254.8193618 0.899465579829
6259.51238825 0.899279289318
6264.20541469 0.886765954155
6268.89844114 0.903700006967
6273.59146759 0.893330040356
6278.28449404 0.906931975853
6282.97752048 0.914657131279
6287.67054693 0.914926482511
6292.36357338 0.901811683837
6297.05659983 0.904228821132
6301.74962627 0.928827295988
6306.44265272 0.93345749266
6311.13567917 0.927850716945
6315.82870562 0.929720879632
6320.52173206 0.946802792385
6325.21475851 0.922969820107
6329.90778496 0.925441905501
6334.6008114 0.93526465269
6339.29383785 0.918926537789
6343.9868643 0.917578567095
6348.67989075 0.922163559784
6353.37291719 0.89108173763
6358.06594364 0.895206021096
6362.75897009 0.915503952976
6367.45199654 0.923559120802
6372.14502298 0.927952747109
6376.83804943 0.914633396083
6381.53107588 0.906233665776
6386.22410233 0.91078895419
6390.91712877 0.917078503518
6395.61015522 0.916680438042
6400.30318167 0.921088382569
6404.99620811 0.928894670879
6409.68923456 0.917761904125
6414.38226101 0.903584916218
6419.07528746 0.904326232279
6423.7683139 0.910047554345
6428.46134035 0.905227686311
6433.1543668 0.907535799404
6437.84739325 0.909845705473
6442.54041969 0.920759860537
6447.23344614 0.936263122859
6451.92647259 0.922169755873
6456.61949904 0.916068042331
6461.31252548 0.916680949269
6466.00555193 0.906253584724
6470.69857838 0.904713630441
6475.39160482 0.915729512793
6480.08463127 0.922838795238
6484.77765772 0.909436912487
6489.47068417 0.916629838164
6494.16371061 0.921160397427
6498.85673706 0.922690997215
6503.54976351 0.914961096081
6508.24278996 0.915329994451
6512.9358164 0.906291471501
6517.62884285 0.911068856859
6522.3218693 0.900168066232
6527.01489575 0.891602838472
6531.70792219 0.901091945389
6536.40094864 0.919584445232
6541.09397509 0.923481092457
6545.78700153 0.920183687996
6550.48002798 0.906763972717
6555.17305443 0.921450664833
6559.86608088 0.936767821035
6564.55910732 0.911857582601
6569.25213377 0.886603025716
6573.94516022 0.855329067278
6578.63818667 0.87482592268
6583.33121311 0.901327234854
6588.02423956 0.919653310222
6592.71726601 0.905724212666
6597.41029246 0.911529408235
6602.1033189 0.87515733266
6606.79634535 0.868202083104
6611.4893718 0.864034439121
6616.18239824 0.874964420268
6620.87542469 0.874993409361
6625.56845114 0.86871392693
6630.26147759 0.87342247824
6634.95450403 0.874115724009
6639.64753048 0.876223381104
6644.34055693 0.876477103346
6649.03358338 0.868708253568
6653.72660982 0.874691481968
6658.41963627 0.869721472308
6663.11266272 0.876397572924
6667.80568917 0.842760004435
6672.49871561 0.840662161385
6677.19174206 0.847786431603
6681.88476851 0.861959938482
6686.57779495 0.822915613436
6691.2708214 0.843707828732
6695.96384785 0.906267793668
6700.6568743 0.897093966567
6705.34990074 0.845798982274
6710.04292719 0.840233270246
6714.73595364 0.868789945168
6719.42898009 0.876551691291
6724.12200653 0.853954789122
6728.81503298 0.845104727109
6733.50805943 0.849498878269
6738.20108588 0.861207676888
6742.89411232 0.8508237752
6747.58713877 0.843305840726
6752.28016522 0.846123467192
6756.97319166 0.836570948131
6761.66621811 0.824455136521
6766.35924456 0.844884196173
6771.05227101 0.851334736987
6775.74529745 0.846053631664
6780.4383239 0.831816435937
6785.13135035 0.833179648561
6789.8243768 0.838038943753
6794.51740324 0.808601926458
6799.21042969 0.815179919437
6803.90345614 0.845929133781
6808.59648259 0.859187554851
6813.28950903 0.842535583686
6817.98253548 0.830099347796
6822.67556193 0.804137235431
6827.36858837 0.818051415516
6832.06161482 0.844758394895
6836.75464127 0.851993959129
6841.44766772 0.837005286395
6846.14069416 0.843777166011
6850.83372061 0.815464742732
6855.52674706 0.816446729239
6860.21977351 0.863883494155
6864.91279995 0.866141076302
6869.6058264 0.878498852813
6874.29885285 0.88673566181
6878.9918793 0.811350978184
6883.68490574 0.913516848727
6888.37793219 1.09783090266
6893.07095864 1.01349774407
6897.76398508 0.918793391125
6902.45701153 0.935529891875
6907.15003798 0.916853512187
6911.84306443 0.915863312124
6916.53609087 0.94018390844
6921.22911732 0.918207458549
6925.92214377 0.871889446869
6930.61517022 0.869192553453
6935.30819666 0.875165972834
6940.00122311 0.872812846146
6944.69424956 0.862365565049
6949.38727601 0.861274396033
6954.08030245 0.848218010822
6958.7733289 0.851467340968
6963.46635535 0.876442105312
6968.15938179 0.876308568372
6972.85240824 0.843107834364
6977.54543469 0.846841851787
6982.23846114 0.817206432935
6986.93148758 0.834160003974
6991.62451403 0.849181416907
6996.31754048 0.831059655974
7001.01056693 0.839483392826
7005.70359337 0.848656231221
7010.39661982 0.847124822991
7015.08964627 0.834744992252
7019.78267272 0.85379621662
7024.47569916 0.854360172344
7029.16872561 0.851620392369
7033.86175206 0.852605658241
7038.5547785 0.859298467488
7043.24780495 0.861010164825
7047.9408314 0.85414969929
7052.63385785 0.832245634862
7057.32688429 0.848479950762
7062.01991074 0.857377934672
7066.71293719 0.862742367629
7071.40596364 0.8315732245
7076.09899008 0.858900296036
7080.79201653 0.860943361577
7085.48504298 0.850893929637
7090.17806943 0.841998021473
7094.87109587 0.825599604335
7099.56412232 0.843009348591
7104.25714877 0.858365857156
7108.95017521 0.866184017018
7113.64320166 0.862328165607
7118.33622811 0.847578254789
7123.02925456 0.832215532861
7127.722281 0.839724233607
7132.41530745 0.835905796475
7137.1083339 0.843078401469
7141.80136035 0.851799501542
7146.49438679 0.872565241471
7151.18741324 0.865312231811
7155.88043969 0.835136549312
7160.57346614 0.844432942225
7165.26649258 0.839443820584
7169.95951903 0.86768539705
7174.65254548 0.881135328071
7179.34557192 0.899380133653
7184.03859837 0.916166603101
7188.73162482 0.921676100703
7193.42465127 0.9215557075
7198.11767771 0.941349979109
7202.81070416 0.959782725261
7207.50373061 0.953356764712
7212.19675706 0.950239288989
7216.8897835 0.910424459952
7221.58280995 0.865429419953
7226.2758364 0.840177097474
7230.96886285 0.86205925312
7235.66188929 0.882682208247
7240.35491574 0.888987016464
7245.04794219 0.895538376257
7249.74096863 0.913954136877
7254.43399508 0.894039989871
7259.12702153 0.868945908041
7263.82004798 0.924232517694
7268.51307442 0.888535805765
7273.20610087 0.906283448039
7277.89912732 0.924524399672
7282.59215377 0.877530503317
7287.28518021 0.927524628755
7291.97820666 0.901905008948
7296.67123311 0.867826072436
7301.36425956 0.889129065305
7306.057286 0.916247852586
7310.75031245 0.91210291166
7315.4433389 0.896634709616
7320.13636534 0.877107212955
7324.82939179 0.877632356025
7329.52241824 0.884633970002
7334.21544469 0.868028868553
7338.90847113 0.854728314435
7343.60149758 0.872803372302
7348.29452403 0.85496051449
7352.98755048 0.843228515183
7357.68057692 0.85626355274
7362.37360337 0.846027697232
7367.06662982 0.861252823192
7371.75965627 0.880792058146
7376.45268271 0.871308705113
7381.14570916 0.871333600293
7385.83873561 0.866373220209
7390.53176205 0.852202847552
7395.2247885 0.833613713159
7399.91781495 0.8172817798
7404.6108414 0.809230979161
7409.30386784 0.856850276321
7413.99689429 0.880058125142
7418.68992074 0.860663538155
7423.38294719 0.831370395394
7428.07597363 0.821572430921
7432.76900008 0.817692448892
7437.46202653 0.809516934063
7442.15505298 0.826523851614
7446.84807942 0.828764092023
7451.54110587 0.845909980517
7456.23413232 0.843127616592
7460.92715876 0.841076589463
7465.62018521 0.821612361931
7470.31321166 0.827689327629
7475.00623811 0.832370012427
7479.69926455 0.848492328482
7484.392291 0.848390248237
7489.08531745 0.863552120565
7493.7783439 0.876545100725
7498.47137034 0.83386037755
7503.16439679 0.835318678441
7507.85742324 0.848895859392
7512.55044969 0.852729658692
7517.24347613 0.879992787824
7521.93650258 0.848640129458
7526.62952903 0.832205928413
7531.32255547 0.808916069526
7536.01558192 0.804719522672
7540.70860837 0.839114920281
7545.40163482 0.872331802551
7550.09466126 0.847613341289
7554.78768771 0.834157757703
7559.48071416 0.826871978646
7564.17374061 0.824232592179
7568.86676705 0.855627891345
7573.5597935 0.88131724213
7578.25281995 0.837591766162
7582.9458464 0.809881776954
7587.63887284 0.846272395879
7592.33189929 0.892339009655
7597.02492574 1.21542356397
7601.71795218 1.94365731453
7606.41097863 2.16264722589
7611.10400508 2.70120896984
7615.79703153 1.85576155339
7620.49005797 1.24635559506
7625.18308442 1.39886908067
7629.87611087 1.59877756089
7634.56913732 1.48602725934
7639.26216376 1.34662833384
7643.95519021 1.32378439595
7648.64821666 1.19886115183
7653.34124311 1.16571855189
7658.03426955 1.15531197046
7662.727296 1.10206220051
7667.42032245 1.02312750314
7672.11334889 0.953999769288
7676.80637534 0.903572129808
7681.49940179 0.912342521495
7686.19242824 0.897389807017
7690.88545468 0.959811539775
7695.57848113 0.963914857642
7700.27150758 0.976725084265
7704.96453403 0.929156413572
7709.65756047 0.864576851336
7714.35058692 0.885056692306
7719.04361337 0.939310468005
7723.73663982 0.97508462621
7728.42966626 1.01406249291
7733.12269271 0.974791119616
7737.81571916 0.942209137688
7742.5087456 0.923037514499
7747.20177205 0.883692916712
7751.8947985 0.869839045073
7756.58782495 0.831116507062
7761.28085139 0.838508576767
7765.97387784 0.875592047841
7770.66690429 0.8451117916
7775.35993074 0.854937012851
7780.05295718 0.857957146427
7784.74598363 0.829203551391
7789.43901008 0.901005852683
7794.13203653 0.948693406075
7798.82506297 0.917076313916
7803.51808942 0.925558661214
7808.21111587 0.959811358752
7812.90414231 0.972548483927
7817.59716876 0.954284376063
7822.29019521 0.97152115752
7826.98322166 0.937324050465
7831.6762481 0.882926152566
7836.36927455 0.885387132498
7841.062301 0.885104689237
7845.75532745 0.92069063054
7850.44835389 0.96642689347
7855.14138034 1.0203055369
7859.83440679 1.02918609185
7864.52743324 0.976310525153
7869.22045968 0.941753030484
7873.91348613 0.900772598153
7878.60651258 0.865175910103
7883.29953902 0.871586496218
7887.99256547 0.866322538533
7892.68559192 0.907143769106
7897.37861837 0.89970416703
7902.07164481 0.942793304557
7906.76467126 0.974378037374
7911.45769771 1.04175875306
7916.15072416 1.0988170047
7920.8437506 0.947340709438
7925.53677705 0.91503443052
7930.2298035 0.872099297304
7934.92282995 0.905988210851
7939.61585639 0.964594894495
7944.30888284 0.982652727797
7949.00190929 0.944004552564
7953.69493573 0.875919579112
7958.38796218 0.844503300158
7963.08098863 0.871277596103
7967.77401508 0.88920107724
7972.46704152 0.93084732715
7977.16006797 0.924180105602
7981.85309442 0.856229580106
7986.54612087 0.847674887638
7991.23914731 0.869526177062
7995.93217376 0.873410338183
8000.62520021 0.920678390354
8005.31822666 1.02012401865
8010.0112531 1.0742830908
8014.70427955 1.0101082887
8019.397306 0.924069912822
8024.09033244 0.925677107602
8028.78335889 0.959514894188
8033.47638534 1.05200023609
8038.16941179 1.1371243475
8042.86243823 1.15032864015
8047.55546468 1.15619316858
8052.24849113 1.23175893818
8056.94151758 1.16906621089
8061.63454402 1.17819770016
8066.32757047 1.1474927794
8071.02059692 1.08683084635
8075.71362337 1.18185726568
8080.40664981 1.25884726475
8085.09967626 1.37425717249
8089.79270271 1.44131215711
8094.48572915 1.40949154819
8099.1787556 1.3797735132
8103.87178205 1.31022893461
8108.5648085 1.28374324561
8113.25783494 1.30308574384
8117.95086139 1.39772535284
8122.64388784 1.58061705756
8127.33691429 1.71703589855
8132.02994073 1.81863439791
8136.72296718 1.73691073293
8141.41599363 1.77756870699
8146.10902008 1.86129660956
8150.80204652 1.8486429419
8155.49507297 1.71354791109
8160.18809942 1.82432119174
8164.88112586 1.8574849775
